23;()
18;()
13;()
24;()
14;()
19;()
22;(21#23#24#25#)
21;()
12;(13#14#15#16#19#20#21#22#26#24#)
17;()
20;()
15;()
25;()
26;()
16;(17#18#)
30;()
31;()
28;(29#30#31#32#)
29;()
32;()
40;()
41;()
39;(40#41#)
50;()
48;(49#50#)
49;()
55;()
57;()
53;(54#55#56#57#)
56;()
54;()
60;(61#62#63#)
62;()
63;()
61;()
80;()
81;()
79;(80#81#)
84;()
83;(84#)
97;()
88;()
96;()
87;(88#89#90#91#92#93#)
92;()
93;(94#95#)
91;()
94;()
89;()
90;()
95;(96#97#)
104;()
103;()
102;(103#104#)
111;()
110;()
107;(108#109#)
108;()
109;(110#111#)
117;()
116;(117#118#)
118;()
129;()
124;()
132;()
125;()
130;()
128;()
126;()
131;()
127;(128#129#)
123;(124#125#126#127#130#131#132#)
141;()
140;(141#142#)
142;()
153;()
152;(153#)
159;()
158;()
157;(158#159#)
9;()
10;()
8;(9#10#11#)
11;()
38;()
37;(38#)
46;(47#)
47;()
51;(52#)
52;()
58;(59#)
59;()
78;()
77;(78#)
86;()
85;(86#)
101;()
100;(101#)
105;(106#)
106;()
115;()
114;(115#)
120;()
121;()
122;()
119;(120#121#122#)
156;()
155;()
154;(155#156#)
